12
12
12
12
12
12
12
12
12
12
12
4
12
4
12
12
12
12
17
0
16
12
12
12
12
12
12
12
12
5
12
2
12
12
12
12
4
12
12
12
12
18
12
12
12
12
12
12
12
2
15
12
12
12
12
17
12
12
12
15
12
15
5
4
12
12
12
12
4
12
2
12
12
12
12
2
12
17
12
12
12
12
12
12
12
12
12
2
12
15
12
17
12
12
15
12
12
4
4
12
12
12
12
12
12
12
12
12
12
12
12
12
12
12
12
12
12
12
4
12
12
12
12
12
12
12
12
16
4
12
12
12
12
12
12
12
16
12
2
4
4
12
2
4
12
12
4
12
12
5
4
12
12
12
12
12
12
12
12
4
12
20
5
20
12
12
12
0
12
12
12
2
12
12
12
12
12
12
12
4
4
12
12
12
12
12
12
12
5
12
12
4
12
20
12
12
12
12
12
12
12
12
12
12
12
12
12
12
12
2
2
12
12
0
12
12
12
4
12
12
12
4
12
4
5
20
12
12
12
12
12
12
12
12
12
12
4
12
0
12
12
12
12
17
12
12
12
12
0
12
12
12
12
16
2
12
12
12
12
4
1
12
12
2
12
0
12
12
12
12
12
15
12
12
20
17
4
1
12
12
17
2
12
12
12
12
12
12
1
12
12
12
2
16
12
12
15
12
12
2
12
12
12
12
12
12
2
12
12
12
12
12
12
12
12
12
12
12
12
12
12
12
16
12
4
12
1
12
16
12
12
12
12
20
12
4
2
12
12
12
12
1
12
12
12
12
12
12
12
12
4
12
12
12
12
12
12
12
12
5
12
12
17
12
12
12
12
12
12
12
12
12
12
12
12
4
12
12
0
5
12
17
12
2
12
17
12
12
0
12
4
12
17
1
12
12
17
12
16
12
0
12
12
12
5
2
12
12
12
12
16
12
5
4
20
12
12
2
5
17
4
12
12
17
12
12
12
12
12
12
1
12
12
12
12
12
12
12
12
12
12
4
12
5
12
4
12
12
4
12
12
12
12
12
4
10
12
17
12
12
12
12
12
12
12
12
2
0
12
1
1
20
12
12
12
12
12
5
12
12
12
2
12
17
2
12
12
12
12
12
4
2
12
12
12
12
12
12
17
12
