12
12
12
12
12
12
12
12
12
12
12
4
12
4
12
12
12
12
16
17
16
12
12
12
12
12
12
12
12
12
12
12
12
12
12
12
4
12
12
12
12
5
12
12
12
12
12
12
12
4
12
12
12
12
12
17
12
12
12
2
12
15
11
12
12
13
12
12
4
12
4
12
12
12
12
4
12
17
12
12
12
12
12
2
12
12
12
16
12
15
12
4
12
12
15
12
12
4
4
12
12
12
12
12
12
12
12
12
12
12
12
12
12
12
12
12
12
12
4
12
12
12
12
12
12
12
2
16
4
12
12
12
12
12
12
12
1
12
4
4
4
12
4
4
12
12
4
12
12
12
4
12
12
12
12
12
12
12
12
4
12
4
12
4
12
12
12
16
12
12
12
4
12
12
12
12
12
12
12
4
4
12
12
2
12
12
12
12
12
12
12
12
12
20
12
12
12
12
12
12
12
12
12
12
12
12
12
12
12
4
2
12
12
17
12
12
12
4
12
12
12
4
12
2
5
4
12
12
12
12
12
12
12
12
12
12
4
12
17
12
12
12
12
17
12
12
12
12
1
12
15
12
12
1
2
12
12
12
12
4
12
12
12
2
12
17
12
12
12
12
12
15
12
4
17
17
4
11
12
12
17
4
2
12
12
12
12
12
5
12
12
12
17
0
12
12
2
12
12
2
12
12
12
12
12
12
4
12
12
12
12
12
12
12
12
12
12
12
12
12
12
12
1
12
4
12
1
12
1
12
12
12
12
20
12
4
4
12
12
12
12
0
12
12
12
12
12
12
12
12
4
12
12
12
12
12
12
12
12
5
12
12
17
12
12
12
12
12
12
12
12
12
12
12
12
4
12
12
17
5
12
17
12
2
12
1
12
12
17
12
4
12
0
2
12
12
17
12
0
12
17
12
12
12
5
20
12
12
12
12
1
12
12
4
20
12
12
2
12
17
12
12
12
17
12
12
12
12
12
12
1
12
12
12
12
12
12
12
12
12
12
4
12
12
12
4
12
12
4
12
12
12
12
12
4
5
12
17
12
12
12
12
12
12
12
12
17
7
12
0
5
16
12
12
12
12
12
5
12
12
12
2
12
16
2
12
12
12
12
12
4
4
12
12
12
12
12
12
17
12
