12
12
12
12
12
12
12
12
12
12
12
4
12
4
12
12
12
12
8
17
2
12
12
12
12
12
12
12
12
13
12
2
12
12
12
12
4
12
12
12
12
2
12
12
12
12
12
12
12
2
12
12
12
12
12
17
12
12
12
4
12
12
4
2
12
4
12
12
4
12
4
12
12
12
12
20
12
17
12
12
12
12
12
17
12
12
12
17
12
5
12
20
12
12
5
12
12
4
4
12
12
12
12
12
12
12
12
12
13
12
12
12
12
12
12
12
12
12
4
12
12
12
12
12
12
12
4
2
4
12
12
12
12
12
12
12
2
12
4
4
4
12
4
4
12
12
4
12
12
4
4
12
12
12
12
12
12
12
12
4
12
4
12
20
12
12
12
2
12
12
12
20
12
12
12
12
12
12
12
4
4
12
12
12
12
12
12
12
5
12
12
12
12
20
12
12
12
12
12
12
12
12
12
12
12
12
12
12
12
2
2
12
12
17
12
12
12
4
12
12
12
4
12
5
12
20
12
12
12
12
12
12
12
12
12
12
4
12
17
12
12
12
12
17
12
12
12
12
2
12
13
12
12
8
2
12
12
12
12
4
1
12
12
2
12
17
12
12
12
12
12
12
12
12
17
17
4
4
12
12
17
4
17
12
12
12
12
12
11
12
12
12
2
8
12
12
4
12
12
2
12
12
12
12
12
12
4
12
12
12
12
12
12
12
4
12
12
12
12
12
12
12
2
12
4
12
1
12
2
12
12
12
12
20
12
4
4
12
12
12
12
2
12
12
12
12
12
12
12
12
4
12
12
12
12
12
12
12
12
12
12
12
17
12
12
12
12
12
12
12
12
12
12
12
12
4
12
12
17
12
12
17
12
2
12
17
12
12
17
12
4
12
17
11
12
12
17
12
2
12
17
12
12
12
5
20
12
12
12
12
1
12
13
4
20
12
12
2
5
17
11
12
12
17
12
12
12
12
12
12
1
12
12
12
12
12
12
12
12
12
12
4
12
12
12
4
12
12
4
12
12
12
12
12
13
11
12
17
12
12
12
12
12
12
12
12
2
17
12
2
1
17
12
12
12
12
12
5
12
12
12
2
12
17
2
12
12
12
12
12
4
20
12
12
12
12
12
12
17
12
