12
12
12
12
12
12
12
12
12
12
12
4
12
4
12
12
12
12
5
17
1
12
12
12
12
12
12
12
12
12
12
12
12
12
12
12
4
12
12
12
12
5
12
12
12
12
12
12
12
4
12
12
12
12
12
12
12
12
12
15
12
12
11
12
12
13
12
12
4
12
4
12
12
12
12
20
12
17
12
12
12
12
12
12
12
12
12
4
12
12
12
11
12
12
12
12
12
4
4
12
12
12
12
12
12
12
12
12
12
12
12
12
12
12
12
12
12
12
4
12
12
12
12
12
12
12
12
5
4
12
12
12
12
12
5
12
4
12
4
4
4
12
4
4
12
12
4
12
12
5
4
12
12
12
12
12
12
15
12
4
12
4
2
20
12
12
12
17
12
12
17
20
12
12
12
12
12
12
12
4
4
12
12
12
12
12
12
12
5
12
12
15
12
20
12
12
12
12
12
12
12
12
12
12
12
12
12
12
12
4
5
12
12
17
12
12
12
4
12
12
12
4
12
4
5
20
12
12
12
12
12
12
12
12
12
12
4
12
17
12
12
12
12
17
12
12
12
12
4
12
12
12
12
1
15
12
12
12
12
4
5
12
12
15
12
17
12
12
12
12
12
15
12
17
12
17
4
4
12
12
17
4
12
12
12
12
12
12
5
12
12
12
17
1
12
12
12
12
12
15
12
12
12
12
12
12
4
12
12
12
12
12
12
12
12
12
12
12
12
12
12
12
1
12
4
12
17
12
1
12
12
12
12
20
12
4
4
12
12
12
12
1
12
12
12
12
12
12
12
12
4
12
12
12
12
12
12
12
12
5
12
12
17
12
12
12
12
12
12
12
12
12
12
12
12
4
12
12
17
5
12
12
12
2
12
1
12
12
17
12
4
12
1
5
12
12
17
12
1
12
17
12
5
12
5
20
12
12
12
12
1
12
5
4
20
12
12
4
5
17
12
12
12
17
12
12
12
12
12
12
1
12
12
12
12
12
12
12
12
12
12
4
12
5
12
4
12
12
4
12
12
12
12
12
15
1
12
12
12
12
12
12
12
12
12
12
12
12
12
1
1
17
12
12
12
12
12
5
12
12
12
15
12
4
15
12
12
12
12
12
4
4
12
12
12
12
12
12
17
12
