12
12
12
12
12
12
12
12
12
12
12
4
12
4
12
12
12
12
2
0
13
12
12
12
12
12
12
12
12
12
12
12
12
12
12
12
4
12
12
12
12
20
12
12
12
12
12
12
12
2
2
12
12
12
12
0
12
12
12
2
12
12
10
12
12
12
12
12
4
12
4
12
12
12
12
20
12
0
12
12
12
12
12
12
12
12
12
4
12
5
12
20
12
12
5
12
12
4
4
12
12
12
12
12
12
12
12
12
12
12
12
12
12
12
12
12
12
12
4
12
12
12
12
12
12
12
2
1
4
12
12
12
12
12
5
12
0
12
4
4
4
12
4
4
12
12
4
12
12
2
4
12
12
12
12
12
12
12
12
4
12
4
1
20
12
12
12
13
12
12
13
20
12
12
12
12
12
12
12
4
4
12
12
12
12
12
12
12
5
12
12
1
12
20
12
12
12
12
12
12
12
12
12
12
12
12
12
12
12
4
2
12
12
0
12
12
12
4
12
12
12
4
12
4
5
20
12
12
12
12
12
12
12
12
12
12
4
12
0
12
12
12
12
0
12
12
12
12
1
12
5
12
12
0
2
12
12
12
12
4
4
12
12
2
12
0
12
12
12
12
12
2
12
12
0
0
4
8
12
12
0
4
12
12
12
12
12
12
2
12
12
12
17
0
12
12
12
12
12
2
12
12
12
12
12
12
4
12
12
12
12
12
12
12
12
12
12
12
12
12
12
12
0
12
4
12
0
12
0
12
12
12
12
20
12
4
4
12
12
12
12
1
12
12
12
12
12
12
12
12
4
12
12
12
12
12
12
12
12
5
12
12
0
12
12
12
12
12
12
12
12
12
12
12
12
4
12
12
0
5
12
4
12
2
12
0
12
12
0
12
4
12
0
12
12
12
0
12
0
12
13
12
5
12
5
20
12
12
12
12
0
12
5
4
20
12
12
4
5
0
12
12
12
0
12
12
12
12
12
12
1
12
12
12
12
12
12
12
12
12
12
4
12
5
12
4
12
12
4
12
12
12
12
12
12
12
12
0
12
12
12
12
12
12
12
12
4
0
12
1
4
4
12
12
12
12
12
5
12
12
12
4
12
4
2
12
12
12
12
12
4
4
12
12
12
12
12
12
0
12
