12
12
12
12
12
2
12
12
12
12
12
4
12
4
12
12
12
12
2
17
0
12
12
12
12
12
12
12
12
12
12
12
12
12
12
12
4
12
12
12
12
5
12
12
12
12
12
12
12
1
2
12
12
12
12
17
12
12
12
2
12
12
11
12
12
2
12
12
4
12
4
12
12
12
12
17
12
17
12
12
12
12
12
4
12
12
12
17
12
5
12
17
12
12
5
12
12
11
4
12
12
12
12
12
12
12
12
12
12
12
12
12
12
12
12
12
12
12
4
12
12
12
12
12
12
12
12
1
17
12
12
12
12
12
5
12
1
12
4
4
4
12
4
4
12
12
4
12
12
5
4
12
12
12
12
12
12
2
12
17
12
4
5
17
12
12
12
13
12
12
1
20
12
12
12
12
12
12
12
4
4
12
12
12
12
12
12
12
5
12
12
5
12
20
12
12
12
12
12
12
12
12
12
12
12
12
12
12
12
17
2
12
12
17
12
12
12
4
12
12
12
4
12
5
12
20
12
12
12
12
12
12
12
12
12
12
4
12
17
12
12
12
12
17
12
12
12
12
1
12
2
12
12
1
2
12
12
12
12
4
1
12
12
2
12
17
12
12
12
12
12
2
12
2
17
17
4
11
12
12
17
4
4
12
12
12
12
12
2
12
12
12
17
0
12
12
12
12
12
2
12
12
12
12
12
12
4
12
12
12
12
12
12
12
2
12
12
12
12
12
12
12
0
12
17
12
1
12
0
12
12
12
12
20
12
4
1
12
12
12
12
0
12
12
12
12
12
12
12
12
4
12
12
12
12
12
12
12
12
5
12
12
17
12
12
12
12
12
12
12
12
12
12
12
12
4
12
12
17
5
12
17
12
2
12
1
12
12
17
12
20
12
0
17
12
12
17
12
0
12
17
12
5
12
5
17
12
12
12
12
1
12
5
4
17
12
12
4
5
17
11
12
12
17
12
12
12
12
12
12
1
12
12
12
12
12
12
12
12
12
12
4
12
5
12
4
12
12
17
12
2
12
12
12
2
2
12
17
12
12
12
12
12
12
12
12
17
0
12
1
1
17
12
12
12
12
12
5
12
12
12
2
12
17
2
12
12
12
12
12
17
20
12
12
12
12
12
12
17
12
