12
12
12
12
12
12
12
12
12
12
12
4
12
4
12
12
12
12
2
17
2
12
12
12
12
12
12
12
12
5
12
5
12
12
12
12
4
12
12
12
12
2
12
12
12
12
12
12
12
4
5
12
12
12
12
17
12
12
12
2
12
5
11
2
12
13
12
12
4
12
4
12
12
12
12
20
12
17
12
12
12
12
12
12
12
12
12
4
12
2
12
4
12
12
2
12
12
4
4
12
12
12
12
12
12
12
12
12
12
12
12
12
12
12
12
12
12
12
4
12
12
12
12
12
12
12
5
2
4
12
12
12
12
12
2
12
1
12
4
4
4
12
4
4
12
12
4
12
12
2
4
12
12
12
12
12
12
12
12
4
12
4
5
20
12
12
12
2
12
12
12
20
12
12
12
12
12
12
12
4
4
12
12
12
12
12
12
12
2
12
12
2
12
20
12
12
12
12
12
12
12
12
12
12
12
12
12
12
12
4
2
12
12
17
12
12
12
4
12
12
12
4
12
4
5
20
12
12
12
12
12
12
12
12
12
12
4
12
17
12
12
12
12
17
12
12
12
12
12
12
12
12
12
8
2
12
12
12
12
4
2
12
12
2
12
17
12
12
12
12
12
4
12
2
17
17
4
2
12
12
17
4
12
12
12
12
12
12
2
12
12
12
17
17
12
12
12
12
12
2
12
12
12
12
12
12
4
12
12
12
12
12
12
12
13
12
12
12
12
12
12
12
8
12
4
12
1
12
8
12
12
12
12
20
12
4
4
12
12
12
12
12
12
12
12
12
12
12
12
12
4
12
12
12
12
12
12
12
12
5
12
12
17
12
12
12
12
12
12
12
12
12
12
12
12
4
12
12
17
5
12
17
12
2
12
4
12
12
17
12
4
12
17
17
12
12
17
12
17
12
17
12
2
12
5
20
12
12
12
12
8
12
5
4
20
12
12
4
2
17
4
12
12
17
12
12
12
12
12
12
1
12
12
12
12
12
12
12
12
12
12
4
12
5
12
4
12
12
4
12
12
12
12
12
2
2
12
17
12
12
12
12
12
12
12
12
4
17
12
2
2
17
12
12
12
12
12
5
12
12
12
2
12
17
2
12
12
12
12
12
4
4
12
12
12
12
12
12
17
12
