12
12
12
12
12
4
12
12
12
12
12
4
12
4
12
12
12
12
17
17
1
12
12
12
12
12
12
12
12
12
12
12
12
12
12
12
4
12
12
12
12
5
12
12
12
12
12
12
12
1
15
12
12
12
12
17
12
12
12
4
12
15
11
12
12
13
12
12
4
12
4
12
12
12
12
20
12
17
12
12
12
12
12
18
12
12
12
16
12
15
12
20
12
12
15
12
12
4
4
12
12
12
12
12
12
12
12
12
12
12
12
12
12
12
12
12
12
12
4
12
12
12
12
12
12
12
2
1
4
12
12
12
12
12
5
12
16
12
4
4
4
12
4
4
12
12
4
12
12
5
4
12
12
12
12
12
12
12
12
4
12
4
5
20
12
12
12
17
12
12
13
20
12
12
12
12
12
12
12
4
4
12
12
12
12
12
12
12
5
13
12
2
12
20
12
12
12
12
12
12
12
12
12
12
12
12
12
12
12
4
2
12
12
17
12
12
12
4
12
12
12
4
12
4
12
20
12
12
12
12
12
12
12
12
12
12
4
12
17
12
12
12
12
17
12
12
12
12
16
12
5
12
12
16
2
12
12
12
12
4
5
12
12
2
12
17
12
12
12
12
12
15
12
1
17
17
4
4
12
12
17
4
18
12
12
12
12
12
5
12
12
12
17
16
12
12
2
12
12
2
12
12
12
12
12
12
4
12
12
12
12
12
12
12
4
12
12
12
12
12
12
12
16
12
4
12
1
12
16
12
12
12
12
20
12
4
17
12
12
12
12
1
12
12
12
12
12
12
12
12
4
12
12
12
12
12
12
12
12
5
12
12
17
12
12
12
12
12
12
12
12
12
12
12
12
4
12
12
17
5
12
17
12
2
12
16
12
12
17
12
4
12
16
17
12
12
17
12
16
12
17
12
5
12
5
20
12
12
12
12
16
12
5
4
20
12
12
4
5
17
12
12
12
17
12
12
12
12
12
12
16
12
12
12
12
12
12
12
12
12
12
4
12
5
12
4
12
12
4
12
13
12
12
12
2
5
12
17
12
12
12
12
12
12
12
12
17
18
12
1
5
17
12
12
12
12
12
5
12
12
12
2
12
16
2
12
12
12
12
12
4
4
12
12
12
12
12
12
17
12
