12
12
12
12
12
13
12
12
12
12
12
4
12
17
12
12
12
12
11
17
11
12
12
12
12
12
12
12
12
12
12
12
12
12
12
12
4
12
12
12
12
5
12
12
12
12
12
12
12
20
15
12
12
12
12
17
12
12
12
15
12
15
11
12
12
13
12
12
4
12
4
12
12
12
12
20
12
17
12
12
12
12
12
11
12
12
12
4
12
15
12
11
12
12
15
12
12
4
4
12
12
12
12
12
12
12
12
12
12
12
12
12
12
12
12
12
12
12
4
12
12
12
12
12
12
12
2
1
17
12
12
12
12
12
5
12
1
12
16
4
4
12
4
4
12
12
4
12
12
5
4
12
12
12
12
12
12
12
12
4
12
4
5
20
12
12
12
2
12
12
10
20
12
12
12
12
12
12
12
4
4
12
12
12
12
12
12
12
5
12
12
4
12
20
12
12
12
12
12
12
12
12
12
12
12
2
12
12
12
4
2
12
12
17
12
12
12
4
12
12
12
4
12
15
5
20
12
12
12
12
12
12
12
12
12
12
4
12
17
12
12
12
12
17
12
12
12
12
1
12
15
12
12
1
2
12
12
12
12
4
5
12
12
2
12
17
12
12
12
12
12
15
12
4
17
17
4
11
12
12
17
4
2
12
12
12
12
12
5
12
12
12
17
1
12
12
4
12
12
2
12
12
12
12
12
12
4
12
12
12
12
12
12
12
13
12
12
12
12
12
12
12
1
12
4
12
11
12
1
12
12
12
12
20
12
4
4
12
12
12
12
11
12
12
12
12
12
12
12
12
4
12
12
12
12
12
12
12
12
5
12
12
17
12
12
12
12
12
12
12
12
12
12
12
12
4
12
12
17
5
12
17
12
2
12
1
12
12
17
12
4
12
1
7
12
12
17
12
1
12
17
12
5
12
5
20
12
12
12
12
1
12
5
4
20
12
12
15
5
17
11
12
12
17
12
12
12
12
12
12
1
12
12
12
12
12
12
12
12
12
12
4
12
5
12
16
12
12
4
12
10
12
12
12
12
8
12
17
12
12
12
12
12
12
12
12
17
1
12
11
5
17
12
12
12
12
12
5
12
12
12
2
12
4
2
12
12
12
12
12
4
20
12
12
12
12
12
12
17
12
