12
12
12
12
12
13
12
12
12
12
12
4
12
4
12
12
12
12
4
17
1
12
12
12
12
12
12
12
12
12
12
12
12
12
12
12
4
12
12
12
12
5
12
12
12
12
12
12
12
8
12
12
12
12
12
17
12
2
12
12
12
12
4
12
12
13
12
12
4
12
4
12
12
12
12
20
12
17
12
12
12
12
12
16
12
12
12
16
12
12
12
8
12
12
12
12
12
4
4
12
12
12
12
12
12
12
12
12
12
12
12
12
12
12
12
12
12
12
4
12
12
12
12
12
12
12
12
1
4
12
12
12
12
12
12
12
8
12
4
4
4
12
17
4
12
12
4
12
12
5
4
12
12
12
12
12
12
12
12
4
12
4
12
20
12
12
12
4
12
12
1
20
12
12
12
12
12
12
12
4
4
12
12
12
12
12
12
12
5
12
12
12
12
20
12
12
12
12
12
12
12
12
12
12
12
12
12
12
12
17
2
12
12
17
12
12
12
4
12
12
12
4
12
4
5
20
12
12
12
12
12
12
12
12
12
12
4
12
17
12
12
12
12
17
12
12
12
12
1
12
12
12
12
1
2
12
12
12
12
4
1
12
12
2
12
17
12
12
12
12
12
15
12
2
17
17
4
4
12
12
17
4
16
12
12
12
12
12
5
12
12
12
17
1
12
12
12
12
12
2
12
12
12
12
12
12
4
12
12
12
12
12
12
12
13
12
12
12
12
12
12
12
1
12
4
12
1
12
1
12
12
12
12
20
12
4
4
12
12
12
12
1
12
12
12
12
12
12
12
12
4
12
12
12
12
12
12
12
12
5
12
12
17
12
12
12
12
12
12
12
12
12
12
12
12
4
12
12
17
5
12
17
12
4
12
1
12
12
17
12
11
12
16
17
12
12
17
12
1
12
17
12
12
12
5
20
12
12
12
12
1
12
12
4
20
12
12
4
5
17
11
12
12
17
12
12
12
12
12
12
1
12
12
12
12
12
12
12
12
12
12
4
12
5
12
4
12
12
4
12
2
12
12
12
12
5
12
17
12
12
12
12
12
12
12
12
17
8
12
1
1
17
12
12
12
12
12
5
12
12
12
4
12
16
14
12
12
12
12
12
4
20
12
12
12
12
12
12
17
12
